[[[0.9997707418642581, -0.019425868228614217, -0.00900551807257988, 0.0], [0.01937404130802406, 0.9997954418352547, -0.005806979321714039, 0.0], [0.009116481535440282, 0.005631174745322124, 0.9999425881696417, 0.0], [-35.891733086287864, -94.57330904622594, 472.9996104275058, 1.0]], [[0.9999861836467423, 0.002097537461821031, 0.004820046910568639, 0.0], [-0.0021232192581002556, 0.9999835456696257, 0.005329195998060432, 0.0], [-0.004808789411677028, -0.005339356384431415, 0.9999741830756402, 0.0], [-17.35963791015037, -88.45886862602663, 565.8715041875367, 1.0]], [[0.9999705047638177, 0.0036464781762329795, 0.006759644909758913, 0.0], [-0.0036097592185002202, 0.9999787076492992, -0.005436348629536697, 0.0], [-0.006779324507664879, 0.005411787592623111, 0.9999623759493514, 0.0], [-83.33337699122374, 8.984582688130285, 566.9498821845721, 1.0]], [[0.9999999859417642, -9.716184918882932e-05, 0.00013666033249322768, 0.0], [9.72715776677315e-05, 0.9999996727431516, -0.0008031511873421958, 0.0], [-0.00013658225211564946, 0.0008031644692174547, 0.9999996681360068, 0.0], [-148.31263270609188, -88.78002707243363, 473.8939059295294, 1.0]], [[0.999968003244194, -0.007994366636681422, -0.00028738458196917447, 0.0], [0.007994178469792453, 0.9999678347564708, -0.0006500484971235761, 0.0], [0.00029257206419173835, 0.0006477302940428233, 0.9999997474234948, 0.0], [-44.169567199621596, -66.72541975161667, 393.66232311316077, 1.0]], [[0.999956059672866, -0.0010816466817961101, 0.00931175407597005, 0.0], [0.001064869316120341, 0.9999978012848117, 0.0018065101388673342, 0.0], [-0.009313687607772273, -0.001796514959026098, 0.9999550128666523, 0.0], [-8.137393240194776, -56.22222756327614, 687.5629769279489, 1.0]], [[0.9999602947874423, -0.007760608605804882, 0.004379703492124672, 0.0], [0.0077517346658146635, 0.9999678750042916, 0.0020395021628087672, 0.0], [-0.004395390572205054, -0.002005470884555946, 0.9999883292460212, 0.0], [-150.4301649747592, 19.055123254184558, 742.6320145639364, 1.0]], [[0.9999673324519592, -0.0065005361253591964, -0.004803858761004432, 0.0], [0.006464997710563801, 0.9999518924930417, -0.007376754312481932, 0.0], [0.0048515805172318635, 0.007345456396114268, 0.9999612524677232, 0.0], [-105.87978150514151, -91.42234513646851, 550.4871550897007, 1.0]], [[0.999967757432833, 0.0073957183189722765, 0.003128489299524302, 0.0], [-0.007388703167687371, 0.9999701763569819, -0.0022479906775196077, 0.0], [-0.0031450215024108772, 0.002224802717731698, 0.9999925795187765, 0.0], [-91.24809460386153, -46.914762427820236, 509.19320238965827, 1.0]], [[0.999966448134526, -0.008187326947417247, 0.00026510880112014576, 0.0], [0.008185891733486703, 0.9999538691084074, 0.005025020562499368, 0.0], [-0.000306238057677442, -0.005022681811741888, 0.9999873393626891, 0.0], [6.04763502584996, -60.51108763968896, 474.8803716626758, 1.0]], [[0.9999362904601763, -0.01128703110115755, 0.00013397635427245757, 0.0], [0.0112870139233468, 0.9999362914002703, 0.00012828627352799328, 0.0], [-0.00013541578998569205, -0.00012676590749246866, 0.9999999827964842, 0.0], [42.4444561637924, -123.58024842005145, 494.0407805498498, 1.0]], [[0.9999419861385896, 0.005547645510643427, 0.009232983618565272, 0.0], [-0.005534382100555948, 0.9999836172470062, -0.0014614555613869618, 0.0], [-0.00924093999425939, 0.0014102719174332236, 0.999956307126037, 0.0], [-42.388982095091926, 104.1950639443421, 719.3584534847365, 1.0]], [[0.999997234762819, -0.002293882798841602, 0.0005182358736271794, 0.0], [0.002298497836629264, 0.999956066298162, -0.009087484866604037, 0.0], [-0.0004973674803865839, 0.009088650901587397, 0.9999585736671187, 0.0], [-107.79279321452836, -155.2783083773961, 517.3074715449015, 1.0]], [[0.9999219239459, 0.012481031466066888, 0.0006081659913494905, 0.0], [-0.01247748368869961, 0.9999068912375041, -0.005524604650875519, 0.0], [-0.0006770621302517612, 0.005516584930306835, 0.9999845543195047, 0.0], [-114.28883220592805, -1.9952052154526476, 458.0590459254673, 1.0]], [[0.9999792004107088, -0.003605379654233546, -0.005347895240977066, 0.0], [0.0035720462746127286, 0.9999742165702268, -0.0062295007964769085, 0.0], [0.005370217069323333, 0.0062102682961463025, 0.9999662961001827, 0.0], [-64.6085151710714, -109.633045419346, 500.60933436511164, 1.0]], [[0.9999532271887377, -0.008684766013981203, -0.004256556602608677, 0.0], [0.008681185679643622, 0.9999619489377763, -0.0008588898413041711, 0.0], [0.004263853893412038, 0.0008218977103886065, 0.9999905719726208, 0.0], [-131.28113997987143, -110.86068593011379, 472.7176923499412, 1.0]], [[0.9999947659505537, -0.0032221565595869075, -0.0002928798436711553, 0.0], [0.0032224965155613263, 0.9999941258964496, 0.0011677708691658678, 0.0], [0.0002891153826984809, -0.0011687085612710972, 0.9999992752660345, 0.0], [-86.26238755835415, -84.74846450120148, 530.1050132167128, 1.0]], [[0.9999878796156073, 0.0010070375640798517, -0.0048193876401575126, 0.0], [-0.0010266921073344133, 0.9999911599530253, -0.00407748931568517, 0.0], [0.004815238851636345, 0.004082387922199654, 0.9999800735932963, 0.0], [-157.15774208577778, -31.619257922415105, 425.88635707193424, 1.0]], [[0.9999951179680227, -0.0031189482494629835, -0.0001902680679558482, 0.0], [0.003118225898606742, 0.9999883468932437, -0.003685477575953845, 0.0], [0.0002017606645757237, 0.0036848662845172875, 0.9999931905033651, 0.0], [-106.41106876563973, 72.90086247161264, 650.008671349169, 1.0]], [[0.9999169405488493, -0.012642247364345051, 0.0025071068999502166, 0.0], [0.012625141574564609, 0.9998976831932872, 0.00672524682958693, 0.0], [-0.0025918726147840733, -0.00669303565472196, 0.9999742424033098, 0.0], [80.44449722862264, -58.673689734135, 536.5345223921195, 1.0]], [[0.999901546071384, -0.013578661094480964, -0.003538096513236394, 0.0], [0.013573314399354382, 0.9999067064891007, -0.0015308345225911485, 0.0], [0.0035585531149647724, 0.0014826601095689165, 0.9999925691817552, 0.0], [-160.1075427303558, -48.126198403471, 589.7675653028309, 1.0]], [[0.9999936820107398, -0.0034605442720213033, 0.0008127557719552691, 0.0], [0.0034651263869533225, 0.9999777187876551, -0.005705683776724547, 0.0], [-0.0007929928914598614, 0.005708464029747269, 0.9999833921624375, 0.0], [-16.412942555028796, -101.33193899194718, 606.4623402654616, 1.0]], [[0.999967901734845, -0.007477355079714185, -0.002878308708843093, 0.0], [0.007500863944285752, 0.999937873757457, 0.008245342049014961, 0.0], [0.002816476540083996, -0.008266667189854249, 0.9999618641095627, 0.0], [-123.63102850063707, -10.126479859105125, 587.9074410709741, 1.0]], [[0.9999196833765458, -0.005598694372870591, 0.01137019865558988, 0.0], [0.005556284278411609, 0.9999775019240935, 0.003758104664175909, 0.0], [-0.011390983327433447, -0.003694626769866196, 0.9999282950451325, 0.0], [66.51624006026177, 28.891155192116496, 759.2050711233709, 1.0]], [[0.9999719574470183, 0.0002547209572063934, 0.007484613337538889, 0.0], [-0.00027409101547683744, 0.9999966159604103, 0.0025870720598594344, 0.0], [-0.007483929027839591, -0.0025890509770242686, 0.9999686433190516, 0.0], [4.780382274729879, -95.54788716721417, 610.089687670658, 1.0]], [[0.9999999976535153, 4.078177643001284e-06, -6.83837539750598e-05, 0.0], [-4.6016384361828645e-06, 0.9999706885516857, -0.00765650157006962, 0.0], [6.835052497466296e-05, 0.007656501866781067, 0.9999706862240362, 0.0], [-147.9888210095987, -71.97917956517307, 360.5782922158213, 1.0]], [[0.9999665352249856, -0.007899170532339211, -0.0021287402469179375, 0.0], [0.0079002303625549, 0.9999686726790169, 0.0004899191605555147, 0.0], [0.0021248036041926492, -0.0005067203038537024, 0.9999976142192427, 0.0], [-123.82829262313896, -73.01919452550428, 559.1808696888835, 1.0]], [[0.9997737823429483, 0.021255891394851883, -0.0007557914296557767, 0.0], [-0.021259992052064487, 0.9997565118842583, -0.005910133921239996, 0.0], [0.0006299822386657437, 0.005924865064378975, 0.9999822493906318, 0.0], [-167.7615715162891, 96.41475387051537, 463.32426830963055, 1.0]], [[0.9999507059743458, -0.009141506424717488, -0.003875368588205518, 0.0], [0.009136911503782898, 0.9999575354513441, -0.0012017246964520327, 0.0], [0.003886189596460891, 0.001166256558769081, 0.9999917686541522, 0.0], [-77.74898781460168, -83.58416014940536, 365.55392988542013, 1.0]], [[0.9999768668609128, 0.0005726161638408621, -0.006777746953177014, 0.0], [-0.0006130234751904415, 0.9999820440690554, -0.005961186265543005, 0.0], [0.0067742117808094506, 0.005965203282583193, 0.999959262372496, 0.0], [-63.71513828333173, -107.1691809764889, 512.2882066083104, 1.0]], [[0.9999647667737352, -0.007185190406128201, -0.004340305286145762, 0.0], [0.007170704658986344, 0.9999686992160435, -0.0033438873885948406, 0.0], [0.0043641958987714015, 0.003312646525317084, 0.9999849899709272, 0.0], [-34.15738336473863, 12.599735483331614, 585.8489850155182, 1.0]], [[0.9999899370807996, 0.002328157488018513, 0.003834764640676697, 0.0], [-0.002311129294637467, 0.9999874771625669, -0.004438941250817503, 0.0], [-0.0038450511728544625, 0.0044300339452112624, 0.999982795042356, 0.0], [-140.99238283564597, 32.09976102497881, 485.13276912079544, 1.0]], [[0.9998841109353319, 0.014969727758455832, 0.002769828496233552, 0.0], [-0.014960843598104925, 0.9998829569512694, -0.003200868197678827, 0.0], [-0.0028174204325718466, 0.003159058281131545, 0.9999910412063113, 0.0], [-164.09481987156045, 27.325329175223043, 514.7804318256728, 1.0]], [[0.999936860323448, -0.009324917674919383, 0.0062706679740992975, 0.0], [0.009289574589036662, 0.9999409343138094, 0.005641957779073402, 0.0], [-0.0063229083846077375, -0.005583349709815662, 0.9999644228849234, 0.0], [45.206838972064496, -107.32174718670983, 580.1121144307939, 1.0]], [[0.999970741413241, -0.006464767564479918, 0.00408938843719854, 0.0], [0.006436736400331623, 0.9999559517613162, 0.006831029324552407, 0.0], [-0.004133369323649972, -0.0068045071428794466, 0.9999683064680485, 0.0], [22.331840061739307, -15.129036148781825, 559.1450638739883, 1.0]], [[0.999971367409465, 0.0039033326078486376, -0.006482928026524055, 0.0], [-0.003936100237326631, 0.9999795051036202, -0.00504940468180042, 0.0], [0.006463085653641205, 0.0050747775588075115, 0.9999662370083113, 0.0], [-165.69979611895982, -39.858305349427006, 507.17617560557636, 1.0]], [[0.9999639875189672, 0.004711048016544897, 0.007059014927922512, 0.0], [-0.004663185264983155, 0.9999661320025566, -0.006781559631088779, 0.0], [-0.007090724106272114, 0.006748397915903994, 0.9999520892308877, 0.0], [-142.618780522108, -31.51555163361607, 582.7738836088646, 1.0]], [[0.9999600490100016, -0.008508069229859949, 0.00274101110819133, 0.0], [0.008505794017755955, 0.9999634717173671, 0.0008406539584432471, 0.0], [-0.0027480633258396593, -0.000817305897598711, 0.9999958900710677, 0.0], [-163.91621317538542, -147.93594754330033, 725.0615708746897, 1.0]], [[0.9999971479062649, -0.002362447242755649, 0.00035074543592257496, 0.0], [0.0023640957585496034, 0.9999857981007044, -0.004776468166100715, 0.0], [-0.00033945630062213035, 0.0047772837389631765, 0.9999885310989809, 0.0], [-127.04512509735082, 33.25902752195632, 618.3020190990751, 1.0]], [[0.9999947318307054, -0.0032266303156173225, -0.00035379039250180497, 0.0], [0.0032284888125168392, 0.9999802902897806, 0.005384783371068252, 0.0], [0.00033640871412752167, -0.0053858972114420095, 0.9999854393641964, 0.0], [-83.11518147661991, -95.75784475033993, 582.7456867298459, 1.0]], [[0.9999079452246651, 0.005489847646339217, 0.012408168656505555, 0.0], [-0.005479458952176549, 0.9999846082492372, -0.000871087946818694, 0.0], [-0.012412759813180765, 0.0008030177081884834, 0.9999226362856182, 0.0], [-10.503393625209615, -26.687279871076587, 741.5448213925854, 1.0]]]